19049.99,0.07,902792,864984,299875401,86131257,1476153097
19051.02,0.07,902792,864984,299875867,86132108,1476153098
19052.04,0.07,902792,864984,299876185,86132286,1476153099
19053.06,0.07,902792,864984,299876227,86132496,1476153100
19054.09,0.06,902792,864984,299876473,86133186,1476153101
19055.11,0.06,902792,864968,299876951,86133450,1476153102
19056.14,0.06,902792,864984,299877748,86133966,1476153103
19057.16,0.06,902792,864976,299878062,86134840,1476153104
19058.18,0.06,902792,864984,299878240,86134870,1476153105
19059.21,0.06,902792,864976,299878354,86134900,1476153106
19060.23,0.06,902792,864984,299878850,86135588,1476153107
19061.25,0.06,902792,864972,299878960,86135798,1476153108
19062.28,0.06,902792,864952,299879138,86136160,1476153109
19063.30,0.05,902792,864804,299879456,86137202,1476153110
